[[-0.475327130779624, -5.906627032279968, 19.804477953910826, 0.0], 
[-1.2838538985550405, -5.530687791824341, 19.92036024570465, 0.0], 
[-2.092380778938532, -5.154748098134995, 20.036242537498474, 0.0], 
[-2.9009076593220233, -4.778808857679367, 20.15212414741516, 0.0], 
[-3.7094343144893647, -4.402869163990021, 20.268006439208982, 0.0], 
[-4.517961194872856, -4.026929923534393, 20.383888731002806, 0.0], 
[-6.7425445296764375, -4.406963677406311, 20.716660456657408, 0.0], 
[-4.517961194872856, -4.026929923534393, 20.383888731002806, 0.0], 
[-4.517961194872856, -4.026929923534393, 20.383888731002806, 0.0], 
[-4.105427817642689, -4.143061999320984, 20.26857853412628, 0.0], 
[-3.692893989980221, -4.259194528341293, 20.153268337249756, 0.0], 
[-3.3443582592308525, -4.2863042500019075, 20.05308081150055, 0.0], 
[-2.9958225284814834, -4.313414424896241, 19.952893285751344, 0.0], 
[-2.7752823159098625, -4.162479438304901, 19.88295178413391, 0.0], 
[-7.62993399810791, 5.418733624458313, 17.933064107894896, 0.0], 
[-2.7752823159098625, -4.162479438304901, 19.88295178413391, 0.0], 
[-6.109142574727535, 5.509806861162185, 20.474647941589353, 0.0], 
[-5.143737330973148, 5.242739345550537, 20.41354697704315, 0.0], 
[-4.1783325376510625, 4.9756718299388885, 20.352446012496948, 0.0], 
[-3.321171806126833, 4.667481965780258, 20.29827360153198, 0.0], 
[-2.464011074602604, 4.3592925548553465, 20.244101190567015, 0.0], 
[-1.8233397053629161, 3.968857993602753, 20.20378588676453, 0.0], 
[-6.7425445296764375, -4.406963677406311, 20.716660456657408, 0.0], 
[-1.8233397053629161, 3.968857993602753, 20.20378588676453, 0.0], 
[-4.517961194872856, -4.026929923534393, 20.383888731002806, 0.0], 
[-2.8936338533163073, -3.1316374163627625, 19.227407379150392, 0.0], 
[-1.2693062865436078, -2.2363449091911316, 18.070926027297972, 0.0], 
[0.35502111131697894, -1.3410524020195007, 16.91444467544556, 0.0], 
[1.9793486217856409, -0.44575995150208475, 15.75796332359314, 0.0], 
[3.60367596334219, 0.44953255566954614, 14.601481971740723, 0.0], 
[2.6009823572337627, 1.2433812154531478, 17.43841679573059, 0.0], 
[3.60367596334219, 0.44953255566954614, 14.601481971740723, 0.0], 
[3.60367596334219, 0.44953255566954614, 14.601481971740723, 0.0], 
[1.9793486217856409, -0.44575995150208475, 15.75796332359314, 0.0], 
[0.35502111131697894, -1.3410524020195007, 16.91444467544556, 0.0], 
[-1.2693062865436078, -2.2363449091911316, 18.070926027297972, 0.0], 
[-2.8936338533163073, -3.1316374163627625, 19.227407379150392, 0.0], 
[-4.517961194872856, -4.026929923534393, 20.383888731002806, 0.0], 
[-6.7425445296764375, -4.406963677406311, 20.716660456657408, 0.0], 
[-4.517961194872856, -4.026929923534393, 20.383888731002806, 0.0], 
[-3.7094343144893647, -4.402869163990021, 20.268006439208982, 0.0], 
[-2.9009076593220233, -4.778808857679367, 20.15212414741516, 0.0], 
[-2.092380778938532, -5.154748098134995, 20.036242537498474, 0.0], 
[-1.2838538985550405, -5.530687791824341, 19.92036024570465, 0.0],
[-0.475327130779624, -5.906627032279968, 19.804477953910826, 0.0], 
[-0.475327130779624, -5.906627032279968, 19.804477953910826, 0.0]]




[[-0.6614082025811077, -5.854900827646255, 20.741445326805113, 0.0], 
[-1.4324816934764386, -5.502336663007736, 20.666197457313537, 0.0], 
[-2.203555128067732, -5.149772951602936, 20.59094958782196, 0.0], 
[-2.974628787875176, -4.797208786964417, 20.51570240020752, 0.0], 
[-3.745702222466469, -4.444645075559616, 20.44045453071594, 0.0], 
[-4.516775657057762, -4.092080910921097, 20.365206661224363, 0.0], 
[-6.748779413580895, -4.414169187068939, 20.721613612174988, 0.0], 
[-4.516775657057762, -4.092080910921097, 20.365206661224363, 0.0], 
[-4.516775657057762, -4.092080910921097, 20.365206661224363, 0.0], 
[-4.328251271545887, -3.5129964256286623, 20.418498768806458, 0.0], 
[-4.139726435601712, -2.933911713719368, 20.471791558265686, 0.0], 
[-3.951202050089836, -2.354827228426933, 20.525083665847777, 0.0], 
[-3.762677439361811, -1.775742629826069, 20.57837645530701, 0.0],
[-3.648991479724646, -1.4107282482385635, 20.609354815483094, 0.0], 
[-6.002982888400555, 5.701138115882873, 20.76919499874115, 0.0], 
[-3.648991479724646, -1.4107282482385635, 20.609354815483094, 0.0], 
[-7.455246892869473, 5.857115327596665, 18.144260549545287, 0.0], 
[-6.736168210029603, 5.45569528746605, 18.808984384536743, 0.0], 
[-6.017089527189732, 5.054275247335434, 19.473708901405335, 0.0], 
[-5.364939228594303, 4.625304489135742, 20.072693643569945, 0.0], 
[-4.712788479566575, 4.19633373093605, 20.67167838573456, 0.0], 
[-4.194494048595429, 3.7122619898319247, 21.139184260368346, 0.0], 
[-6.748779413580895, -4.414169187068939, 20.721613612174988, 0.0], 
[-4.194494048595429, 3.7122619898319247, 21.139184260368346, 0.0], 
[-4.516775657057762, -4.092080910921097, 20.365206661224363, 0.0], 
[-2.8953121640682222, -3.1836115398406983, 19.214142823219298, 0.0], 
[-1.273848558470607, -2.2751423953771592, 18.063078985214233, 0.0], 
[0.3476149626709521, -1.3666730242967606, 16.91201446533203, 0.0], 
[1.9690785401165487, -0.45820379485189916, 15.760951309204101, 0.0], 
[3.5905420331060887, 0.45026549124717713, 14.6098867893219, 0.0], 
[2.58995780146122, 1.2354718338251114, 17.453963594436644, 0.0], 
[3.5905420331060887, 0.45026549124717713, 14.6098867893219, 0.0], 
[3.5905420331060887, 0.45026549124717713, 14.6098867893219, 0.0], 
[1.9690785401165487, -0.45820379485189916, 15.760951309204101, 0.0], 
[0.3476149626709521, -1.3666730242967606, 16.91201446533203, 0.0], 
[-1.273848558470607, -2.2751423953771592, 18.063078985214233, 0.0], 
[-2.8953121640682222, -3.1836115398406983, 19.214142823219298, 0.0], 
[-4.516775657057762, -4.092080910921097, 20.365206661224363, 0.0], 
[-6.748779413580895, -4.414169187068939, 20.721613612174988, 0.0], 
[-4.516775657057762, -4.092080910921097, 20.365206661224363, 0.0], 
[-3.745702222466469, -4.444645075559616, 20.44045453071594, 0.0], 
[-2.974628787875176, -4.797208786964417, 20.51570240020752, 0.0], 
[-2.203555128067732, -5.149772951602936, 20.59094958782196, 0.0], 
[-1.4324816934764386, -5.502336663007736, 20.666197457313537, 0.0], 
[-0.6614082025811077, -5.854900827646255, 20.741445326805113, 0.0], 
[-0.6614082025811077, -5.854900827646255, 20.741445326805113, 0.0]]




[[0.8775420048683882, -7.602861930131913, 21.630090794563294, 0.0], 
[0.9525683736205102, -7.2893483827114105, 21.465344505310057, 0.0], 
[1.0275946297645568, -6.975834835290909, 21.30059889793396, 0.0], 
[1.013656227439642, -6.608216512680054, 21.139073796272278, 0.0], 
[0.9997179377228023, -6.240598190069199, 20.977548012733457, 0.0], 
[0.8078500495478511, -5.7647698638439175, 20.82246392250061, 0.0], 
[-6.000313176155091, 5.682655244827271, 20.780555753707887, 0.0], 
[0.8078500495478511, -5.7647698638439175, 20.82246392250061, 0.0], 
[-7.446788675129414, 5.843548229455948, 18.14898186683655, 0.0], 
[-6.355640750348568, 5.367447056531907, 18.618848400115965, 0.0], 
[-5.264492375135422, 4.8913458836078645, 19.088714933395387, 0.0], 
[-4.334573539316654, 4.332464744567871, 19.50597396373749, 0.0], 
[-3.404654928714037, 3.773584285378456, 19.92323299407959, 0.0], 
[-2.797194721251726, 3.0491445738077165, 20.23527633666992, 0.0], 
[-6.734897540509701, -4.420479106903076, 20.708257002830507, 0.0], 
[-2.797194721251726, 3.0491445738077165, 20.23527633666992, 0.0], 
[-4.501070884466172, -4.103089051485061, 20.36885061264038, 0.0], 
[-2.8827628949582578, -3.1890804845094682, 19.21989309310913, 0.0], 
[-1.2644550180584193, -2.2750721441507338, 18.07093557357788, 0.0], 
[0.3538529432974756, -1.3610635771751405, 16.921978054046633, 0.0], 
[1.972160848349333, -0.447055151835084, 15.77302053451538, 0.0], 
[3.5904688378572467, 0.46695333015918733, 14.62406301498413, 0.0], 
[2.5957318931221964, 1.2442076871395111, 17.47776792526245, 0.0], 
[3.5904688378572467, 0.46695333015918733, 14.62406301498413, 0.0], 
[3.5904688378572467, 0.46695333015918733, 14.62406301498413, 0.0], 
[1.972160848349333, -0.447055151835084, 15.77302053451538, 0.0], 
[0.3538529432974756, -1.3610635771751405, 16.921978054046633, 0.0], 
[-1.2644550180584193, -2.2750721441507338, 18.07093557357788, 0.0], 
[-2.8827628949582578, -3.1890804845094682, 19.21989309310913, 0.0], 
[-4.501070884466172, -4.103089051485061, 20.36885061264038, 0.0], 
[-6.734897540509701, -4.420479106903076, 20.708257002830507, 0.0], 
[-4.501070884466172, -4.103089051485061, 20.36885061264038, 0.0], 
[-3.4253482390344145, -4.803043717861176, 20.62109878540039, 0.0], 
[-2.349625818818808, -5.50299838423729, 20.8733469581604, 0.0], 
[-1.2739031733870507, -6.202952597379684, 21.125594449043273, 0.0], 
[-0.19818057018332183, -6.902907263755798, 21.377842621803282, 0.0], 
[0.8775420048683882, -7.602861930131913, 21.630090794563294, 0.0], 
[0.8775420048683882, -7.602861930131913, 21.630090794563294, 0.0]]


 [[-1.4002166647464038, 5.16839995098114, 22.544281425476072, 0.0], 
 [-2.204793141245842, 4.411507345438004, 21.94498779296875, 0.0], 
 [-3.0093695051372054, 3.654614739894867, 21.345693478584288, 0.0], 
 [-3.8139458690285686, 2.8977221343517305, 20.746399846076965, 0.0], 
 [-4.618522007703781, 2.140829528808594, 20.147105531692503, 0.0], 
 [-5.423098596811295, 1.3839369232654573, 19.54781189918518, 0.0], 
 [-5.423096795082093, -0.8967634772062302, 19.475935230255125, 0.0], 
 [-5.423098596811295, 1.3839369232654573, 19.54781189918518, 0.0], 
 [-5.423098596811295, 1.3839369232654573, 19.54781189918518, 0.0], 
 [-3.3997353071272376, 2.1184798942804335, 20.04951391220093, 0.0], 
 [-1.376371904835105, 2.85302286529541, 20.551215925216674, 0.0], 
 [0.6469913848489524, 3.5875656096935273, 21.052917256355286, 0.0], 
 [2.670354787141085, 4.322108807325363, 21.55461926937103, 0.0], 
 [4.693718076825142, 5.056651551723481, 22.05632128238678, 0.0], 
 [4.693718076825142, 2.7759529641866685, 21.98444393157959, 0.0], 
 [4.693718076825142, 5.056651551723481, 22.05632128238678, 0.0], 
 [4.693718076825142, 5.056651551723481, 22.05632128238678, 0.0], 
 [3.618033492922783, 3.055306286215782, 20.09237398147583, 0.0], 
 [2.542348909020424, 1.0539609073996543, 18.128425998687746, 0.0], 
 [1.4666643251180649, -0.9473843581080437, 16.16447937965393, 0.0], 
 [0.39097968491166835, -2.9487297369241716, 14.200532760620117, 0.0], 
 [-0.6847048989906908, -4.95007500243187, 12.236584777832032, 0.0], 
 [-0.6847041107341647, -7.230775176286698, 12.16471492767334, 0.0], 
 [-0.6847048989906908, -4.95007500243187, 12.236584777832032, 0.0], 
 [-0.6847048989906908, -4.95007500243187, 12.236584777832032, 0.0], 
 [0.39097968491166835, -2.9487297369241716, 14.200532760620117, 0.0], 
 [1.4666643251180649, -0.9473843581080437, 16.16447937965393, 0.0], 
 [2.542348909020424, 1.0539609073996543, 18.128425998687746, 0.0], 
 [3.618033492922783, 3.055306286215782, 20.09237398147583, 0.0], 
 [4.693718076825142, 5.056651551723481, 22.05632128238678, 0.0], 
 [4.693718076825142, 2.7759529641866685, 21.98444393157959, 0.0], 
 [4.693718076825142, 5.056651551723481, 22.05632128238678, 0.0], 
 [4.666327739059925, 4.447063077449799, 21.972666549682614, 0.0], 
 [4.638937401294709, 3.837474603176117, 21.889011816978453, 0.0], 
 [4.567362357437611, 3.304957389712334, 21.819625363349914, 0.0], 
 [4.495786863148212, 2.77244040286541, 21.750239591598508, 0.0], 
 [4.335841506242752, 2.394066617488861, 21.709392423629758, 0.0], 
[-1.4002166647464038, 5.16839995098114, 22.544281425476072, 0.0]]


 [[0.8375857883021236, -7.3112332260608675, 20.417782115936276, 0.0], 
 [-0.38165044371038676, -6.5382707657814025, 20.4355020570755, 0.0], 
 [-1.6008866194188596, -5.765308305501938, 20.453221998214723, 0.0], 
 [-2.82012285143137, -4.992346298456192, 20.470941257476806, 0.0], 
 [-4.039359308660031, -4.219383838176728, 20.48866119861603, 0.0], 
 [-5.2585953154563905, -3.4464213778972628, 20.50638113975525, 0.0], 
 [-5.2585953154563905, -5.727120192050934, 20.434501743316652, 0.0], 
 [-5.2585953154563905, -3.4464213778972628, 20.50638113975525, 0.0], 
 [-5.2585953154563905, -3.4464213778972628, 20.50638113975525, 0.0], 
 [-5.2809642339348795, -2.1322969508171083, 20.003249230384824, 0.0], 
 [-5.303332701981068, -0.8181723537743092, 19.500117321014404, 0.0], 
 [-5.325701620459557, 0.495952186614275, 18.996986093521116, 0.0], 
 [-5.348070088505745, 1.8100766703486442, 18.49385350227356, 0.0], 
 [-5.370439006984234, 3.1242012107372283, 17.990722274780275, 0.0], 
 [-5.370437655687333, 0.8435009235739708, 17.91884696960449, 0.0], 
 [-5.370439006984234, 3.1242012107372283, 17.990722274780275, 0.0], 
 [-5.370439006984234, 3.1242012107372283, 17.990722274780275, 0.0], 
 [-5.348070088505745, 1.8100766703486442, 18.49385350227356, 0.0], 
 [-5.325701620459557, 0.495952186614275, 18.996986093521116, 0.0], 
 [-5.303332701981068, -0.8181723537743092, 19.500117321014404, 0.0], 
 [-5.2809642339348795, -2.1322969508171083, 20.003249230384824, 0.0], 
 [-5.2585953154563905, -3.4464213778972628, 20.50638113975525, 0.0], 
 [-5.2585953154563905, -5.727120192050934, 20.434501743316652, 0.0], 
 [-5.2585953154563905, -3.4464213778972628, 20.50638113975525, 0.0], 
 [-5.2585953154563905, -3.4464213778972628, 20.50638113975525, 0.0], 
 [-5.139994688987732, -3.4582627886533737, 20.506462965011597, 0.0], 
 [-5.021394512951375, -3.4701039727926255, 20.506544790267945, 0.0], 
 [-4.8219102087020875, -3.481132735490799, 20.494788546562194, 0.0], 
 [-4.622425904452801, -3.492161271572113, 20.48303162097931, 0.0], 
 [-4.261173343777656, -3.5015647381544115, 20.447597875595093, 0.0], 
 [4.5133253456354145, -2.0011220479011538, 14.14943016052246, 0.0], 
 [4.513324895203114, 0.27957880580425265, 14.221302738189696, 0.0], 
 [4.488099335074425, 0.24567938809096815, 14.2512180519104, 0.0], 
 [4.462873324513436, 0.21177998454123736, 14.281133365631103, 0.0], 
 [4.279782954275608, -0.026473528466187418, 14.493868122100832, 0.0], 
 [4.096692584037781, -0.2647270450145006, 14.706602878570557, 0.0], 
 [3.597872818797827, -0.9116888034939766, 15.284977884292603, 0.0], 
 [-5.2585953154563905, -5.727120192050934, 20.434501743316652, 0.0]]

  [[-8.302055564045906, 1.1126108236312866, 22.555740370750428, 0.0], 
  [-7.829262903213501, 1.73213180154562, 22.35738981246948, 0.0], 
  [-7.356470242381096, 2.3516527794599535, 22.159039254188535, 0.0], 
  [-6.8836775815486915, 2.9711738706827164, 21.960688014030456, 0.0], 
  [-6.410884920716286, 3.59069473528862, 21.76233745574951, 0.0], 
  [-5.938092259883881, 4.210215826511383, 21.563986897468567, 0.0], 
  [-6.187874086976052, 6.476831762552261, 21.648461928367617, 0.0], 
  [-5.938092259883881, 4.210215826511383, 21.563986897468567, 0.0], 
  [-5.938092259883881, 4.210215826511383, 21.563986897468567, 0.0], 
  [-4.993538428187371, 3.6665665130615235, 22.00863625049591, 0.0], 
  [-4.04898459649086, 3.1229169729948043, 22.453285603523256, 0.0], 
  [-3.143810259103775, 2.6721354751586914, 22.815806264877317, 0.0], 
  [-2.23863569650054, 2.2213539773225786, 23.178326244354245, 0.0], 
  [-1.4122196720838547, 1.9563078840970993, 23.376587476730347, 0.0], 
  [3.984744392216206, 5.770493752479553, 20.558600654602053, 0.0], 
  [-1.4122196720838547, 1.9563078840970993, 23.376587476730347, 0.0], 
  [4.134228458940983, 7.398907209873199, 18.16581741333008, 0.0], 
  [2.5818792981505396, 7.4460453295707705, 17.793432035446166, 0.0], 
  [1.029530137360096, 7.493183449268341, 17.421046657562258, 0.0], 
  [-0.40746536635234953, 7.509517539262772, 17.121758508682248, 0.0], 
  [-1.8444609263688327, 7.525851629257202, 16.822468996047974, 0.0], 
  [-3.0507491440773014, 7.480578113079071, 16.669373941421508, 0.0], 
  [-6.187874086976052, 6.476831762552261, 21.648461928367617, 0.0], 
  [-3.0507491440773014, 7.480578113079071, 16.669373941421508, 0.0], 
  [-5.938092259883881, 4.210215826511383, 21.563986897468567, 0.0], 
  [-4.8120286248922355, 2.579696871876717, 20.020621414184568, 0.0], 
  [-3.6859652151167395, 0.9491780305504799, 18.477255249023436, 0.0], 
  [-2.5599015801250937, -0.6813409240841866, 16.933889083862304, 0.0], 
  [-1.4338380577415228, -2.311859765410423, 15.390524282455445, 0.0], 
  [-0.3077744790539146, -3.94237872004509, 13.84715811729431, 0.0], 
  [0.1707881632447243, -3.1400974769592285, 16.97716100692749, 0.0], 
  [-0.3077744790539146, -3.94237872004509, 13.84715811729431, 0.0], 
  [-0.3077744790539146, -3.94237872004509, 13.84715811729431, 0.0], 
  [-1.4338380577415228, -2.311859765410423, 15.390524282455445, 0.0], 
  [-2.5599015801250937, -0.6813409240841866, 16.933889083862304, 0.0], 
  [-3.6859652151167395, 0.9491780305504799, 18.477255249023436, 0.0], 
  [-4.8120286248922355, 2.579696871876717, 20.020621414184568, 0.0], 
  [-5.938092259883881, 4.210215826511383, 21.563986897468567, 0.0], 
  [-6.187874086976052, 6.476831762552261, 21.648461928367617, 0.0], 
  [-5.938092259883881, 4.210215826511383, 21.563986897468567, 0.0], 
  [-6.410884920716286, 3.59069473528862, 21.76233745574951, 0.0], 
  [-6.8836775815486915, 2.9711738706827164, 21.960688014030456, 0.0], 
  [-7.356470242381096, 2.3516527794599535, 22.159039254188535, 0.0], 
  [-7.829262903213501, 1.73213180154562, 22.35738981246948, 0.0], 
  [-8.302055564045906, 1.1126108236312866, 22.555740370750428, 0.0], 
  [-8.302055564045906, 1.1126108236312866, 22.555740370750428, 0.0]]

