[[-0.6678138566315175, 4.40390208363533, 22.594919667243957, 0.0], 
[-1.4391673475056888, 3.4399856857061386, 22.03622772693634, 0.0], 
[-2.21052083837986, 2.4760695143938065, 21.47753578662872, 0.0], 
[-2.981874216645956, 1.512153116464615, 20.918844528198242, 0.0], 
[-3.7532278201282026, 0.548236831843853, 20.360152587890624, 0.0], 
[-4.524581198394299, -0.41567950943112375, 19.801460647583006, 0.0], 
[-6.782190679907799, -0.38693216936290264, 20.11217432975769, 0.0], 
[-4.524581198394299, -0.41567950943112375, 19.801460647583006, 0.0],
[-4.524581198394299, -0.41567950943112375, 19.801460647583006, 0.0],
[-2.689001333087683, -0.41791165716946127, 20.117419328689575, 0.0], 
[-0.8534215803891421, -0.4201438049077988, 20.433378009796144, 0.0], 
[0.9821582849174738, -0.4223759243190289, 20.749336009025573, 0.0], 
[2.8177380376160146, -0.4246080720573664, 21.06529469013214, 0.0], 
[4.65331790292263, -0.4268402197957039, 21.381253371238707, 0.0], 
[6.845949372053147, -0.6401418090760708, 22.192488055229184, 0.0], 
[4.65331790292263, -0.4268402197957039, 21.381253371238707, 0.0], 
[4.65331790292263, -0.4268402197957039, 21.381253371238707, 0.0], 
[3.5943038184642795, 0.3911771847009659, 20.21336353302002, 0.0], 
[2.535289734005928, 1.2091945891976357, 19.045474376678467, 0.0], 
[1.476275649547577, 2.0272119936943054, 17.87758385658264, 0.0], 
[0.41726162139326334, 2.845229511499405, 16.709693336486815, 0.0], 
[-0.6417524630650878, 3.663246802687645, 15.541804180145263, 0.0], 
[-0.5878305367156863, 5.05407174539566, 12.822685451507567, 0.0], 
[-0.6417524630650878, 3.663246802687645, 15.541804180145263, 0.0], 
[-0.6417524630650878, 3.663246802687645, 15.541804180145263, 0.0], 
[0.41726162139326334, 2.845229511499405, 16.709693336486815, 0.0], 
[1.476275649547577, 2.0272119936943054, 17.87758385658264, 0.0], 
[2.535289734005928, 1.2091945891976357, 19.045474376678467, 0.0], 
[3.5943038184642795, 0.3911771847009659, 20.21336353302002, 0.0], 
[4.65331790292263, -0.4268402197957039, 21.381253371238707, 0.0], 
[6.845949372053147, -0.6401418090760708, 22.192488055229184, 0.0], 
[4.65331790292263, -0.4268402197957039, 21.381253371238707, 0.0], 
[3.589091641098261, 0.5393082408905029, 21.62398663043976, 0.0], 
[2.5248651540577414, 1.5054567015767097, 21.866719889640805, 0.0], 
[1.4606388922333717, 2.4716051622629167, 22.109453148841858, 0.0], 
[0.3964124896489084, 3.437753736257553, 22.352186408042908, 0.0], 
[-0.6678138566315175, 4.40390208363533, 22.594919667243957, 0.0], 
[-0.6678138566315175, 4.40390208363533, 22.594919667243957, 0.0]]
